{
 "cells": [
  {
   "cell_type": "code",
   "execution_count": 1,
   "id": "98751a33-be1f-4f0d-8dd5-458255cacb02",
   "metadata": {},
   "outputs": [
    {
     "name": "stdout",
     "output_type": "stream",
     "text": [
      "Welcome to JupyROOT 6.28/10\n"
     ]
    }
   ],
   "source": [
    "import cdms\n",
    "import numpy as np\n",
    "import os, sys \n",
    "import ROOT\n",
    "from cats.cdataframe import CDataFrame\n",
    "from CDMSDataCatalog import CDMSDataCatalog\n",
    "import supercuts\n",
    "import glob\n",
    "\n",
    "import matplotlib.pyplot as plt\n",
    "%matplotlib inline\n",
    "\n",
    "CDMS = os.environ[\"CDMS\"] # set in .bash_profile\n",
    "stylesheet = os.path.join(CDMS,\"scripts\",\"stylesheets\",\"blues.mplstyle\")\n",
    "plt.style.use(stylesheet)\n",
    "\n",
    "sys.path.append(os.path.join(os.path.join(CDMS,\"scripts\")))\n",
    "import setup"
   ]
  },
  {
   "cell_type": "code",
   "execution_count": 2,
   "id": "cc2970b5-6b36-47f6-bced-75a099a607b2",
   "metadata": {},
   "outputs": [],
   "source": [
    "from scipy.optimize import curve_fit\n",
    "from uncertainties import ufloat\n",
    "import math\n",
    "\n",
    "def func(x, a, b):\n",
    "    return a*x + b\n",
    "\n",
    "def fit_logPulse(x, y, start, stop):\n",
    "    popt, pcov = curve_fit(func, x[start:stop], y[start:stop])\n",
    "    return popt[0], np.sqrt(np.diag(pcov))[0], popt[1], np.sqrt(np.diag(pcov))[1]\n",
    "\n",
    "def str_with_err(value, error):\n",
    "    digits = -int(math.floor(math.log10(error)))\n",
    "    return \"{0:.{2}f}({1:.0f})\".format(value, error*10**digits, digits)"
   ]
  },
  {
   "cell_type": "code",
   "execution_count": 3,
   "id": "15c546f4-805f-4d8f-becf-be8a85db9cdc",
   "metadata": {},
   "outputs": [],
   "source": [
    "DMCfiles = np.sort(glob.glob('/scratch/perry/Ge71_Kshell_50V_releaseV05-09_100kEvents/DMCOutput/R?/Ge71_Kshell_????????_000???.root'))"
   ]
  },
  {
   "cell_type": "code",
   "execution_count": null,
   "id": "a394d72b-71ac-40b4-8522-309e93b288b8",
   "metadata": {},
   "outputs": [],
   "source": [
    "g4dmcHits = CDataFrame('G4SimDir/g4dmcHits', DMCfiles)\n",
    "EventNum = g4dmcHits.AsNumpy(['EventNum'])['EventNum']\n",
    "X = g4dmcHits.AsNumpy(['X'])['X']*1e3\n",
    "Y = g4dmcHits.AsNumpy(['Y'])['Y']*1e3\n",
    "Z = g4dmcHits.AsNumpy(['Z'])['Z']*1e3\n",
    "\n",
    "R = np.sqrt(X**2 + Y**2)"
   ]
  },
  {
   "cell_type": "code",
   "execution_count": null,
   "id": "4f741874-001f-42ab-a3bb-421ce83215bf",
   "metadata": {},
   "outputs": [],
   "source": [
    "_, X = zip(*sorted(zip(EventNum, X)))\n",
    "_, Y = zip(*sorted(zip(EventNum, Y)))\n",
    "_, Z = zip(*sorted(zip(EventNum, Z)))\n",
    "_, R = zip(*sorted(zip(EventNum, R)))"
   ]
  },
  {
   "cell_type": "code",
   "execution_count": 3,
   "id": "864e7a17-d206-411f-a2cf-f24da8690d9d",
   "metadata": {},
   "outputs": [],
   "source": [
    "RQfiles = np.sort(glob.glob(\"/scratch/perry/Ge71_Kshell_50V_releaseV05-09_100kEvents/Processed/R?/Unmerged/5125????_000000/Test_5125????_000000_F0???.root\"))"
   ]
  },
  {
   "cell_type": "code",
   "execution_count": 4,
   "id": "023c59d9-f4be-457e-b383-851993b80a3e",
   "metadata": {},
   "outputs": [],
   "source": [
    "det = 1 # detector number\n",
    "\n",
    "df = CDataFrame(\"rqDir/zip\"+str(det), RQfiles, friends = [[x+\":rqDir/eventTree\" for x in RQfiles]])"
   ]
  },
  {
   "cell_type": "code",
   "execution_count": 5,
   "id": "39a8b346-ea67-48bd-9bd8-cc55888c1ce0",
   "metadata": {},
   "outputs": [],
   "source": [
    "## Apply some basic data quality filters and get the RQs you're interested in\n",
    "df_filtered = df.Filters([\"TriggerType == 1\", \"TriggerDetectorNum==\"+str(0), \"PTOFamps>0\"])"
   ]
  },
  {
   "cell_type": "code",
   "execution_count": 6,
   "id": "9b648f17-799c-4715-bfd0-96dbe87218ae",
   "metadata": {},
   "outputs": [],
   "source": [
    "RQs = ([\"SeriesNumber\", \"PTOFamps\", \"EventNumber\", \"EventTime\"])\n",
    "df_rqs = df_filtered.AsNumpy(RQs + ['EventTriggerID'])"
   ]
  },
  {
   "cell_type": "code",
   "execution_count": null,
   "id": "1ae7c920-e38a-4b7f-9ed0-a896ea31a2a3",
   "metadata": {},
   "outputs": [],
   "source": [
    "for i in RQs:\n",
    "    _, df_rqs[i] = zip(*sorted(zip(df_rqs['EventTriggerID'], df_rqs[i])))\n",
    "    df_rqs[i] = np.array(df_rqs[i])"
   ]
  },
  {
   "cell_type": "code",
   "execution_count": null,
   "id": "cfb6c726-9345-4f79-b035-791446504fdc",
   "metadata": {},
   "outputs": [],
   "source": [
    "ROOT.gStyle.SetPalette(ROOT.kCividis)\n",
    "\n",
    "g = ROOT.TGraph2D(len(R), np.array(R, dtype='float64'), np.array(Z, dtype='float64'), np.array(df_rqs['PTOFamps'], dtype='float64')*1e6*10/4)\n",
    "g.SetTitle(\" ;R position [mm];Z position [mm];PTOFamps [#muA]\")\n",
    "\n",
    "g.GetXaxis().SetLabelSize(0.05)\n",
    "g.GetYaxis().SetLabelSize(0.05)\n",
    "g.GetXaxis().SetTitleSize(0.05)\n",
    "g.GetYaxis().SetTitleSize(0.05)\n",
    "\n",
    "# Draw the scatter plot with color (\"COLZ\" = color palette + z-axis)\n",
    "# Draw the histogram\n",
    "c = ROOT.TCanvas(\"c\", \"Canvas\", 700, 600)\n",
    "c.SetLeftMargin(0.15)\n",
    "c.SetBottomMargin(0.15)\n",
    "c.SetRightMargin(0.15)\n",
    "c.SetTopMargin(0.05)\n",
    "g.SetNpx(100)\n",
    "g.SetNpy(100)\n",
    "g.Draw(\"COLZ\")  # \"P\" = points, \"COLZ\" = color map + z axis\n",
    "c.Draw()"
   ]
  },
  {
   "cell_type": "code",
   "execution_count": null,
   "id": "f7cf40cd-20e5-4644-8a2b-6d10cbc835f8",
   "metadata": {},
   "outputs": [],
   "source": [
    "ROOT.gStyle.SetOptStat(0)\n",
    "bins_start = 0\n",
    "bins_end = 30\n",
    "nbins = 100\n",
    "bindiff = np.round((bins_end - bins_start) / nbins, 2)\n",
    "\n",
    "# Create a ROOT histogram: (name, title, nbins, xmin, xmax)\n",
    "h = ROOT.TH1F(\"h\", f\";Amplitude [#muA];Count / ({bindiff} #muA)\", nbins, bins_start, bins_end)\n",
    "data = df_rqs['PTOFamps']*1e6*10/4\n",
    "\n",
    "# Fill the histogram with data from the NumPy array\n",
    "for value in data:\n",
    "    h.Fill(value)\n",
    "h.SetLineWidth(3)  # Thicker line\n",
    "h.SetLineColor(ROOT.kBlue)\n",
    "    \n",
    "h.SetMinimum(0)\n",
    "#h.SetMaximum(700)  # Adjust based on your data\n",
    "h.GetXaxis().SetLabelSize(0.05)\n",
    "h.GetYaxis().SetLabelSize(0.05)\n",
    "h.GetXaxis().SetTitleSize(0.05)\n",
    "h.GetYaxis().SetTitleSize(0.05)\n",
    "#h.GetXaxis().SetRangeUser(-2, 35)\n",
    "\n",
    "# Draw the histogram\n",
    "c = ROOT.TCanvas(\"c\", \"Canvas\", 700, 600)\n",
    "c.SetLeftMargin(0.20)\n",
    "c.SetBottomMargin(0.15)\n",
    "c.SetRightMargin(0.05)\n",
    "c.SetTopMargin(0.05)\n",
    "h.Draw()\n",
    "c.Draw()"
   ]
  },
  {
   "cell_type": "code",
   "execution_count": null,
   "id": "d85b163c-c6d7-4735-a19b-c28f7db2e86d",
   "metadata": {},
   "outputs": [],
   "source": [
    "ROOT.gStyle.SetOptStat(0)\n",
    "bins_start = 0\n",
    "bins_end = 30\n",
    "nbins = 100\n",
    "bindiff = np.round((bins_end - bins_start) / nbins, 2)\n",
    "\n",
    "c = ROOT.TCanvas(\"c\", \"Canvas\", 700, 600)\n",
    "\n",
    "# Create a ROOT histogram: (name, title, nbins, xmin, xmax)\n",
    "h1 = ROOT.TH1F(\"h\", f\";Amplitude [#muA];Count / ({bindiff} #muA)\", nbins, bins_start, bins_end)\n",
    "data1 = np.array(df_rqs['PTOFamps'], dtype='float64')*1e6*10/4\n",
    "\n",
    "for value in data1:\n",
    "    h1.Fill(value)\n",
    "h1.SetLineWidth(3)\n",
    "h1.SetLineColor(ROOT.kBlue)\n",
    "    \n",
    "#h.SetMinimum(0)\n",
    "#h.SetMaximum(3000)\n",
    "h1.GetXaxis().SetLabelSize(0.05)\n",
    "h1.GetYaxis().SetLabelSize(0.05)\n",
    "h1.GetXaxis().SetTitleSize(0.05)\n",
    "h1.GetYaxis().SetTitleSize(0.05)\n",
    "#h1.GetXaxis().SetRangeUser(-4, 12)\n",
    "h1.Draw()\n",
    "\n",
    "# Create the inset histogram (for example, zoomed-in portion)\n",
    "inset_hist = ROOT.TH1F(\"inset_hist\", \";Amplitude [#muA];Count / (0.12 #muA)\", 50, 24, 30)\n",
    "for value in data1:\n",
    "    inset_hist.Fill(value)\n",
    "inset_hist.SetLineWidth(3)\n",
    "# Create a small inset pad (TPad)\n",
    "# Define the position and size of the inset as (x1, y1, x2, y2), where values are between 0 and 1\n",
    "inset_pad = ROOT.TPad(\"inset_pad\", \"Inset Pad\", 0.25, 0.4, 0.73, 0.90)\n",
    "#inset_pad.SetBorderSize(2)  # Optional: Set the border size of the inset\n",
    "inset_pad.SetFillColor(0)   # Set background color of inset (0 means transparent)\n",
    "inset_pad.Draw()  # Draw the inset pad on the main canvas\n",
    "inset_pad.cd()  # Switch to the inset pad\n",
    "\n",
    "# Draw the inset histogram (zoomed-in version)\n",
    "inset_hist.SetLineColor(ROOT.kBlue)\n",
    "inset_hist.GetXaxis().SetLabelSize(0.05)\n",
    "inset_hist.GetYaxis().SetLabelSize(0.05)\n",
    "inset_hist.GetXaxis().SetTitleSize(0.05)\n",
    "inset_hist.GetYaxis().SetTitleSize(0.05)\n",
    "inset_hist.Draw()\n",
    "\n",
    "# Optionally, add a box around the inset plot to highlight it\n",
    "inset_pad.SetFrameBorderSize(3)\n",
    "inset_pad.SetFrameBorderMode(1)\n",
    "# Adjust the margins of the inset pad\n",
    "inset_pad.SetLeftMargin(0.2)    # Reduce left margin\n",
    "inset_pad.SetRightMargin(0.01)   # Reduce right margin\n",
    "inset_pad.SetTopMargin(0.01)     # Reduce top margin\n",
    "inset_pad.SetBottomMargin(0.2)  # Reduce bottom margin\n",
    "\n",
    "# Draw a border around the inset axis (optional)\n",
    "#inset_pad.SetFrameFillColor(ROOT.kWhite)  # Set background of inset border\n",
    "#inset_pad.SetFrameLineColor(ROOT.kBlack)\n",
    "\n",
    "\n",
    "c.SetLeftMargin(0.2)\n",
    "c.SetBottomMargin(0.15)\n",
    "c.SetRightMargin(0.05)\n",
    "c.SetTopMargin(0.08)\n",
    "c.Update()\n",
    "c.Draw()"
   ]
  },
  {
   "cell_type": "code",
   "execution_count": null,
   "id": "8fa25a0e-6ea8-4a43-8533-c280f83cdf1c",
   "metadata": {},
   "outputs": [],
   "source": [
    "ROOT.gStyle.SetOptStat(0)\n",
    "bins_start = 24\n",
    "bins_end = 30\n",
    "nbins = 50\n",
    "bindiff = np.round((bins_end - bins_start) / nbins, 2)\n",
    "\n",
    "# Create a ROOT histogram: (name, title, nbins, xmin, xmax)\n",
    "h = ROOT.TH1F(\"h\", f\";Amplitude [#muA];Count / ({bindiff} #muA)\", nbins, bins_start, bins_end)\n",
    "data = df_rqs['PTOFamps']*1e6*10/4\n",
    "\n",
    "# Fill the histogram with data from the NumPy array\n",
    "for value in data:\n",
    "    h.Fill(value)\n",
    "h.SetLineWidth(3)  # Thicker line\n",
    "h.SetLineColor(ROOT.kBlue)\n",
    "    \n",
    "h.SetMinimum(0)\n",
    "#h.SetMaximum(700)  # Adjust based on your data\n",
    "h.GetXaxis().SetLabelSize(0.05)\n",
    "h.GetYaxis().SetLabelSize(0.05)\n",
    "h.GetXaxis().SetTitleSize(0.05)\n",
    "h.GetYaxis().SetTitleSize(0.05)\n",
    "#h.GetXaxis().SetRangeUser(-2, 35)\n",
    "\n",
    "# Draw the histogram\n",
    "c = ROOT.TCanvas(\"c\", \"Canvas\", 700, 600)\n",
    "c.SetLeftMargin(0.20)\n",
    "c.SetBottomMargin(0.15)\n",
    "c.SetRightMargin(0.05)\n",
    "c.SetTopMargin(0.05)\n",
    "h.Draw()\n",
    "c.Draw()"
   ]
  },
  {
   "cell_type": "code",
   "execution_count": 7,
   "id": "8d451e6a-fdf2-40c4-998f-65d09f610613",
   "metadata": {},
   "outputs": [
    {
     "name": "stdout",
     "output_type": "stream",
     "text": [
      " **********\n",
      " **    1 **SET PRINT           1\n",
      " **********\n",
      " **********\n",
      " **    2 **SET NOGRAD\n",
      " **********\n",
      " PARAMETER DEFINITIONS:\n",
      "    NO.   NAME         VALUE      STEP SIZE      LIMITS\n",
      "     1 #mu2         2.73000e+01  2.70000e-01    2.73000e+01  3.00000e+01\n",
      " MINUIT WARNING IN PARAM DEF\n",
      " ============== STARTING VALUE IS AT LIMIT.\n",
      " MINUIT WARNING IN PARAMETR\n",
      " ============== VARIABLE1 IS AT ITS LOWER ALLOWED LIMIT.\n",
      " MINUIT WARNING IN PARAMETR\n",
      " ============== VARIABLE1 BROUGHT BACK INSIDE LIMITS.\n",
      "     2 #sigma2      3.00000e-01  9.00000e-02    1.00000e-01  1.00000e+00\n",
      "     3 c           -2.00000e+01  1.00000e+01   -1.00000e+02  0.00000e+00\n",
      "     4 c1           4.00000e-01  1.00000e-01    0.00000e+00  1.00000e+00\n",
      "     5 c2           4.00000e-01  1.00000e-01    0.00000e+00  1.00000e+00\n",
      "     6 delta        4.00000e+00  9.90000e-01    1.00000e-01  1.00000e+01\n",
      "     7 gamma       -2.00000e+00  2.00000e+00   -1.00000e+01  1.00000e+01\n",
      "     8 lambda       3.00000e-01  9.00000e-02    1.00000e-01  1.00000e+00\n",
      "     9 m0           2.68200e+01  1.90000e-01    2.50000e+01  2.72000e+01\n",
      "    10 xi           2.68200e+01  1.20000e-01    2.60000e+01  2.72000e+01\n",
      " **********\n",
      " **    3 **SET ERR         0.5\n",
      " **********\n",
      " **********\n",
      " **    4 **SET PRINT           1\n",
      " **********\n",
      " **********\n",
      " **    5 **SET STR           1\n",
      " **********\n",
      " NOW USING STRATEGY  1: TRY TO BALANCE SPEED AGAINST RELIABILITY\n",
      " **********\n",
      " **    6 **MIGRAD        5000           1\n",
      " **********\n",
      " FIRST CALL TO USER FUNCTION AT NEW START POINT, WITH IFLAG=4.\n",
      " MINUIT WARNING IN MIGrad    \n",
      " ============== VARIABLE1 IS AT ITS LOWER ALLOWED LIMIT.\n",
      " START MIGRAD MINIMIZATION.  STRATEGY  1.  CONVERGENCE WHEN EDM .LT. 1.00e-03\n",
      " FCN=122022 FROM MIGRAD    STATUS=INITIATE       76 CALLS          77 TOTAL\n",
      "                     EDM= unknown      STRATEGY= 1      NO ERROR MATRIX       \n",
      "  EXT PARAMETER               CURRENT GUESS       STEP         FIRST   \n",
      "  NO.   NAME      VALUE            ERROR          SIZE      DERIVATIVE \n",
      "   1  #mu2         2.75524e+01   2.70000e-01   6.19462e-01  -4.76308e+03\n",
      "   2  #sigma2      3.00000e-01   9.00000e-02   0.00000e+00  -1.29756e+04\n",
      "   3  c           -2.00000e+01   1.00000e+01   0.00000e+00   3.25185e+04\n",
      "   4  c1           4.00000e-01   1.00000e-01   0.00000e+00   4.73340e+04\n",
      "   5  c2           4.00000e-01   1.00000e-01   0.00000e+00   3.14459e+04\n",
      "   6  delta        4.00000e+00   9.90000e-01   0.00000e+00   2.71382e+04\n",
      "   7  gamma       -2.00000e+00   2.00000e+00   0.00000e+00  -6.78649e+04\n",
      "   8  lambda       3.00000e-01   9.00000e-02   0.00000e+00  -1.86477e+04\n",
      "   9  m0           2.68200e+01   1.90000e-01   0.00000e+00   3.84147e+03\n",
      "  10  xi           2.68200e+01   1.20000e-01   0.00000e+00   7.53796e+04\n",
      "                               ERR DEF= 0.5\n",
      " MIGRAD MINIMIZATION HAS CONVERGED.\n",
      " MIGRAD WILL VERIFY CONVERGENCE AND ERROR MATRIX.\n",
      " EIGENVALUES OF SECOND-DERIVATIVE MATRIX:\n",
      "        -6.3455e-03  2.7359e-03  3.6039e-01  7.9465e-01  9.2228e-01  9.5807e-01  1.2694e+00  1.4073e+00  2.0621e+00  2.2294e+00\n",
      " MINUIT WARNING IN HESSE   \n",
      " ============== MATRIX FORCED POS-DEF BY ADDING 0.008575 TO DIAGONAL.\n",
      " FCN=92583 FROM MIGRAD    STATUS=CONVERGED    1685 CALLS        1686 TOTAL\n",
      "                     EDM=5.24332e-05    STRATEGY= 1      ERR MATRIX NOT POS-DEF\n",
      "  EXT PARAMETER                APPROXIMATE        STEP         FIRST   \n",
      "  NO.   NAME      VALUE            ERROR          SIZE      DERIVATIVE \n",
      "   1  #mu2         2.74854e+01   7.78919e-03   8.07377e-04   1.41455e-01\n",
      "   2  #sigma2      3.98419e-01   3.77206e-03   9.39237e-04  -7.92324e-01\n",
      "   3  c           -3.61418e+00   2.10988e-01   2.22082e-03   6.62440e-02\n",
      "   4  c1           5.61158e-01   8.60332e-03   2.48475e-04   1.89469e+00\n",
      "   5  c2           4.09616e-01   8.56426e-03   2.47466e-04   2.77038e+00\n",
      "   6  delta        2.64490e+00   2.00499e-02   5.68599e-04  -6.48879e-01\n",
      "   7  gamma       -6.44309e-01   3.82605e-02   1.15816e-04  -3.52955e+00\n",
      "   8  lambda       1.00000e+00   2.66164e-03   2.30430e-02** at limit **\n",
      "   9  m0           2.63833e+01   1.86399e-02   3.62359e-03   1.62308e-01\n",
      "  10  xi           2.64373e+01   1.40398e-02   7.67941e-04   4.88608e-01\n",
      "                               ERR DEF= 0.5\n",
      " EXTERNAL ERROR MATRIX.    NDIM=  25    NPAR= 10    ERR DEF=0.5\n",
      "  6.067e-05 -2.517e-05  6.827e-05  6.026e-05 -6.008e-05 -8.934e-05 -3.562e-05 -1.328e-09  1.354e-06  1.773e-05 \n",
      " -2.517e-05  1.423e-05 -2.416e-05 -2.533e-05  2.526e-05  3.341e-05  1.209e-05  4.445e-10 -5.107e-07 -8.153e-06 \n",
      "  6.827e-05 -2.416e-05  4.452e-02  1.383e-04 -1.016e-04 -7.689e-04  9.159e-04  2.405e-09  2.442e-04  3.318e-04 \n",
      "  6.026e-05 -2.533e-05  1.383e-04  7.402e-05 -7.349e-05 -1.281e-04 -8.952e-05 -1.129e-09 -5.530e-07  3.080e-06 \n",
      " -6.008e-05  2.526e-05 -1.016e-04 -7.349e-05  7.335e-05  1.262e-04  9.190e-05  1.136e-09 -1.258e-06 -2.218e-06 \n",
      " -8.934e-05  3.341e-05 -7.689e-04 -1.281e-04  1.262e-04  4.020e-04  7.566e-05 -2.410e-08  3.811e-06 -3.119e-05 \n",
      " -3.562e-05  1.209e-05  9.159e-04 -8.952e-05  9.190e-05  7.566e-05  1.464e-03  2.796e-09 -2.079e-06  5.066e-04 \n",
      " -1.328e-09  4.445e-10  2.405e-09 -1.129e-09  1.136e-09 -2.410e-08  2.796e-09  3.719e-10 -5.374e-12  5.116e-10 \n",
      "  1.354e-06 -5.107e-07  2.442e-04 -5.530e-07 -1.258e-06  3.811e-06 -2.079e-06 -5.374e-12  3.475e-04  2.157e-06 \n",
      "  1.773e-05 -8.153e-06  3.318e-04  3.080e-06 -2.218e-06 -3.119e-05  5.066e-04  5.116e-10  2.157e-06  1.972e-04 \n",
      "ERR MATRIX NOT POS-DEF\n",
      " PARAMETER  CORRELATION COEFFICIENTS  \n",
      "       NO.  GLOBAL      1      2      3      4      5      6      7      8      9     10\n",
      "        1  0.94209   1.000 -0.857  0.042  0.899 -0.901 -0.572 -0.120 -0.009  0.009  0.162\n",
      "        2  0.86608  -0.857  1.000 -0.030 -0.780  0.782  0.442  0.084  0.006 -0.007 -0.154\n",
      "        3  0.36503   0.042 -0.030  1.000  0.076 -0.056 -0.182  0.113  0.001  0.062  0.112\n",
      "        4  0.99769   0.899 -0.780  0.076  1.000 -0.997 -0.743 -0.272 -0.007 -0.003  0.025\n",
      "        5  0.99773  -0.901  0.782 -0.056 -0.997  1.000  0.735  0.280  0.007 -0.008 -0.018\n",
      "        6  0.81335  -0.572  0.442 -0.182 -0.743  0.735  1.000  0.099 -0.062  0.010 -0.111\n",
      "        7  0.98970  -0.120  0.084  0.113 -0.272  0.280  0.099  1.000  0.004 -0.003  0.943\n",
      "        8  0.11270  -0.009  0.006  0.001 -0.007  0.007 -0.062  0.004  1.000 -0.000  0.002\n",
      "        9  0.19869   0.009 -0.007  0.062 -0.003 -0.008  0.010 -0.003 -0.000  1.000  0.008\n",
      "       10  0.98874   0.162 -0.154  0.112  0.025 -0.018 -0.111  0.943  0.002  0.008  1.000\n",
      " ERR MATRIX NOT POS-DEF\n",
      " **********\n",
      " **    7 **HESSE        5000\n",
      " **********\n",
      " COVARIANCE MATRIX CALCULATED SUCCESSFULLY\n",
      " FCN=92583 FROM HESSE     STATUS=OK             86 CALLS        1772 TOTAL\n",
      "                     EDM=6.47647e-05    STRATEGY= 1      ERROR MATRIX ACCURATE \n",
      "  EXT PARAMETER                                INTERNAL      INTERNAL  \n",
      "  NO.   NAME      VALUE            ERROR       STEP SIZE       VALUE   \n",
      "   1  #mu2         2.74854e+01   1.15622e-02   3.22951e-05  -1.04053e+00\n",
      "   2  #sigma2      3.98419e-01   5.24684e-03   1.87847e-04  -3.43567e-01\n",
      "   3  c           -3.61418e+00   2.17044e-01   8.88328e-05   1.18825e+00\n",
      "   4  c1           5.61158e-01   1.37495e-02   9.93899e-06   1.22623e-01\n",
      "   5  c2           4.09616e-01   1.37251e-02   9.89864e-06  -1.81767e-01\n",
      "   6  delta        2.64490e+00   2.65294e-02   1.13720e-04  -5.07368e-01\n",
      "   7  gamma       -6.44309e-01   8.21166e-02   2.31633e-05  -6.44756e-02\n",
      "   8  lambda       1.00000e+00   2.68762e-03   4.60861e-03   1.57040e+00\n",
      "                                 WARNING -   - ABOVE PARAMETER IS AT LIMIT.\n",
      "   9  m0           2.63833e+01   1.87340e-02   1.44944e-04   2.60474e-01\n",
      "  10  xi           2.64373e+01   2.90639e-02   1.53588e-04  -2.74576e-01\n",
      "                               ERR DEF= 0.5\n",
      " EXTERNAL ERROR MATRIX.    NDIM=  25    NPAR= 10    ERR DEF=0.5\n",
      "  1.337e-04 -5.628e-05  1.533e-04  1.494e-04 -1.490e-04 -2.366e-04 -2.120e-04 -4.393e-10  1.965e-06 -4.114e-06 \n",
      " -5.628e-05  2.753e-05 -6.567e-05 -6.297e-05  6.279e-05  9.586e-05  7.820e-05  1.647e-10 -7.793e-07 -2.117e-06 \n",
      "  1.533e-04 -6.567e-05  4.711e-02  1.382e-04 -9.507e-05 -9.339e-04  3.817e-03  1.240e-09  2.313e-04  1.436e-03 \n",
      "  1.494e-04 -6.297e-05  1.382e-04  1.891e-04 -1.886e-04 -3.108e-04 -4.741e-04 -4.906e-10 -2.151e-09 -8.497e-05 \n",
      " -1.490e-04  6.279e-05 -9.507e-05 -1.886e-04  1.884e-04  3.084e-04  4.840e-04  4.940e-10 -1.876e-06  8.870e-05 \n",
      " -2.366e-04  9.586e-05 -9.339e-04 -3.108e-04  3.084e-04  7.038e-04  4.791e-04 -3.813e-09  3.174e-06  2.978e-05 \n",
      " -2.120e-04  7.820e-05  3.817e-03 -4.741e-04  4.840e-04  4.791e-04  6.743e-03  2.374e-09 -1.570e-06  2.324e-03 \n",
      " -4.393e-10  1.647e-10  1.240e-09 -4.906e-10  4.940e-10 -3.813e-09  2.374e-09  3.755e-10 -3.706e-12  6.571e-10 \n",
      "  1.965e-06 -7.793e-07  2.313e-04 -2.151e-09 -1.876e-06  3.174e-06 -1.570e-06 -3.706e-12  3.510e-04  2.763e-06 \n",
      " -4.114e-06 -2.117e-06  1.436e-03 -8.497e-05  8.870e-05  2.978e-05  2.324e-03  6.571e-10  2.763e-06  8.454e-04 \n",
      " PARAMETER  CORRELATION COEFFICIENTS  \n",
      "       NO.  GLOBAL      1      2      3      4      5      6      7      8      9     10\n",
      "        1  0.97392   1.000 -0.928  0.061  0.940 -0.939 -0.771 -0.223 -0.002  0.009 -0.012\n",
      "        2  0.93260  -0.928  1.000 -0.058 -0.873  0.872  0.689  0.182  0.002 -0.008 -0.014\n",
      "        3  0.41704   0.061 -0.058  1.000  0.046 -0.032 -0.162  0.214  0.000  0.057  0.228\n",
      "        4  0.99909   0.940 -0.873  0.046  1.000 -0.999 -0.852 -0.420 -0.002 -0.000 -0.213\n",
      "        5  0.99911  -0.939  0.872 -0.032 -0.999  1.000  0.847  0.429  0.002 -0.007  0.222\n",
      "        6  0.89723  -0.771  0.689 -0.162 -0.852  0.847  1.000  0.220 -0.007  0.006  0.039\n",
      "        7  0.99775  -0.223  0.182  0.214 -0.420  0.429  0.220  1.000  0.001 -0.001  0.973\n",
      "        8  0.01972  -0.002  0.002  0.000 -0.002  0.002 -0.007  0.001  1.000 -0.000  0.001\n",
      "        9  0.20114   0.009 -0.008  0.057 -0.000 -0.007  0.006 -0.001 -0.000  1.000  0.005\n",
      "       10  0.99736  -0.012 -0.014  0.228 -0.213  0.222  0.039  0.973  0.001  0.005  1.000\n",
      "[#1] INFO:Plotting -- RooAbsPdf::plotOn(model) directly selected PDF components: (argus)\n",
      "[#1] INFO:Plotting -- RooAbsPdf::plotOn(model) indirectly selected PDF components: ()\n",
      "[#1] INFO:Plotting -- RooAbsPdf::plotOn(model) directly selected PDF components: (johnsu)\n",
      "[#1] INFO:Plotting -- RooAbsPdf::plotOn(model) indirectly selected PDF components: ()\n",
      "[#1] INFO:Plotting -- RooAbsPdf::plotOn(model) directly selected PDF components: (g2)\n",
      "[#1] INFO:Plotting -- RooAbsPdf::plotOn(model) indirectly selected PDF components: ()\n"
     ]
    },
    {
     "data": {
